44
入口 386 1 0 1 43 303 1104 505
玫瑰画餐厅 1251 1 12 1 43 252 966 410
红色背篓餐饮部 1509 1 8 1 42 192 993 324
石涧溪水 3201 0 22 1 41 318 963 279
坡坡餐厅 4926 0 3 2 39 144 5 120 772 298
云上石屋 3581 1 11 2 4 120 38 315 797 335
玫瑰亭 2945 0 5 2 39 420 38 318 776 389
农耕文化园 4262 0 6 2 8 198 38 582 692 417
杏树林 1282 0 4 2 36 246 7 198 652 365
清风亭 2343 1 14 2 38 378 10 309 797 481
龙天观遗址 1400 1 10 2 9 309 11 414 709 530
蓄水池观景台 1908 0 18 2 10 414 37 177 578 494
秋风亭服务区 3749 1 17 2 40 198 35 207 757 212
层林观景台 1919 1 19 2 35 183 33 153 633 237
大杏树休息区 182 0 20 2 34 171 32 210 505 262
百年黄栌观景台 4862 0 2 2 29 147 16 123 403 410
百年黄栌服务区 2229 0 7 2 15 123 17 207 442 412
鹰虎石 4986 1 13 2 16 207 37 117 494 458
山间芦苇 127 0 24 2 19 213 29 147 352 332
青杨林 296 0 1 2 31 90 18 213 281 328
琵琶石 760 0 16 2 31 216 29 375 258 365
好汉岩 1190 1 23 2 31 174 22 150 248 254
鹰嘴岩服务区 1080 1 21 2 21 150 23 156 199 261
鹰嘴岩 4955 1 25 2 22 156 28 102 156 239
点将台 3439 1 26 2 28 120 25 501 137 202
古泉 4493 0 9 2 24 501 26 195 296 158
塔院 2165 0 27 2 25 195 27 186 358 140
宝金山玉虚宫 2506 1 15 2 26 186 35 849 413 165
卫生间1 29 0 0 2 24 120 23 102 123 238
卫生间2 52 0 0 4 20 375 18 147 32 375 15 147 382 367
卫生间3 93 0 0 1 33 84 597 221
岔路口1 324 1 0 4 21 174 32 492 19 90 20 216 280 300
岔路口2 249 1 0 3 31 492 14 210 29 375 437 259
岔路口3 858 1 0 3 30 84 13 153 34 132 584 240
岔路口4 906 1 0 3 33 132 36 234 14 171 560 276
岔路口5 563 1 0 3 27 849 12 207 13 183 689 216
岔路口6 729 1 0 4 34 234 39 366 8 246 37 642 638 286
岔路口7 903 1 0 3 17 117 36 642 11 177 528 473
岔路口8 662 1 0 5 9 378 7 582 6 318 5 315 42 195 880 390
岔路口9 395 1 0 4 36 366 40 165 4 144 6 420 753 250
岔路口10 778 1 0 3 39 165 12 198 41 183 808 250
岔路口11 901 1 0 3 40 183 3 318 42 291 858 281
岔路口12 667 1 0 4 38 195 41 291 2 192 43 405 931 342
岔路口13 439 1 0 3 42 405 0 303 1 252 1046 423
